{"_cell": [[15.479828, -3.500864, 24.629585], [0.0, 9.024327, 0.147518], [0.0, 0.0, 8.738507]], "_vec1": [15.479828, -3.500864, 24.629585], "_vec2": [0.0, 9.024327, 0.147518], "_vec3": [0.0, 0.0, 8.738507], "_cell_transpose": [[15.479828, 0.0, 0.0], [-3.500864, 9.024327, 0.0], [24.629585, 0.147518, 8.738507]], "_cell_transpose_inverse": [[0.0646002009841453, -1.4086501871442878e-19, 0.0], [0.02506076276027662, 0.11081158739039487, 0.0], [-0.18249948815706857, -0.001870651788532786, 0.11443602436892251]], "_cell_dot": [[858.4975809283048, -27.959634398497997, 215.22580092959498], [-27.959634398497997, 81.46023936325298, 1.2890870756260002], [215.22580092959498, 1.2890870756260002, 76.361504589049]], "_cell_dot_inverse": [[0.004173185967191967, 0.0016189303111298538, -0.011789503614450272], [0.0016189303111298538, 0.012907249730105992, -0.004780866270718207], [-0.011789503614450273, -0.004780866270718207, 0.04640516618907057]], "max_cutoff": 4.733316134367639, "_positions": [[7.514403865695999, 7.320518788157001, 15.51905539058], [3.85981771266, 2.530881748107, 13.082446403261], [3.3401289270439998, 5.516443142512, 5.5874814536869994], [14.048067748624, -1.7409848340940002, 25.756980055718], [3.459772517656, 4.34863783724, 10.065707080547998], [7.478676422672, 6.427826558436999, 13.136124334690999], [3.469896325168, 7.864211423324, 5.9206662255359985], [10.40221221858, 2.5393068905039993, 24.399751563955], [3.438472274328, 1.6870461517409998, 7.907311626721999], [13.50684652226, 3.4057189555149994, 25.353864809479003], [0.293234381804, 4.313026588461999, 4.023193727936], [11.661790343112, 0.021447566153999897, 22.182725269773997], [3.2331168760799995, -0.572479616091, 9.943811586378999], [1.1274268328959998, 3.905799328426, 7.933185510803], [3.3031321381239995, 1.856294941394, 10.629864264187999], [2.235503880792, 0.773985551634, 5.830044998097], [12.148522574915999, 3.9820452739080006, 23.390424358601997], [6.376961584084, 7.1607175503619995, 17.857632205024], [9.63983068958, 5.372817988264, 20.872350743749], [15.23439532706, 5.1517936558479995, 31.045569620052], [13.92085452212, 2.836226560798, 22.879765630827002], [5.735229834516, 2.9084572591319993, 15.385358148759], [5.908650347599999, 4.788178997347, 10.938082536894], [12.765331801403999, 5.255163849581999, 27.603633724482002], [1.786852025868, 5.776409673087, 9.29565874982], [11.558044535856, 0.7315623737850001, 26.277684207718], [9.187370796967999, 2.620542552499, 21.871780362621], [9.128593890052, -0.9727279281160002, 22.408031836399], [7.2548690694480005, 0.5340366363059998, 18.230368451844], [11.644700613, -1.305838882779, 24.511889042302002], [13.517156087707999, 3.8133445070470002, 29.359710157676], [1.048665468032, 0.19235031274899997, 8.121190304762], [13.324896623948, 1.7982138113410002, 27.586886759726], [15.0022753062, -1.511488701294, 31.870882579532996], [8.096739515228, 2.153407757227, 15.917759319131001], [12.885006351671999, -1.2807783976949998, 27.904614751257995], [10.703140074899999, 3.280073450373, 18.055079001592997], [4.208794955091999, 5.896191937238, 12.272819287461], [10.067476417907999, 5.557734316416001, 18.557494378645], [3.5137661577199997, 6.523671007252, 8.009960562506], [13.004309386068, -2.684330397123, 21.808118318490997], [0.5846266640760001, 2.971068438072, 1.676560353284], [8.971040200668, 4.945212885432, 16.446534441984], [5.581995017143999, 0.22553550341499995, 16.280521297303], [9.1152967178, 3.0386507349580003, 19.763262969878], [3.9497400335119996, 3.8337371755059997, 7.889632017124999], [7.4129026335, 3.0502406264249995, 18.184071719817], [5.299101160444, 2.468202914663, 9.307063955986], [15.439534007715999, 4.70760787196, 25.851504062567], [2.05788833432, 3.38040233416, 5.701876895570999], [6.037086480516, 5.0026718414880005, 14.373301228808998], [10.222212778595999, -1.1532949968419999, 20.000250788155], [9.619304437652, 0.9254257247289996, 19.35294674731], [5.3966550365, -0.18110282544800005, 13.656311552375], [6.448927304455999, 4.9837835173239995, 16.823153953419997], [10.840275871152, 6.038722428726, 23.178681359353], [11.510707221832, 2.2806360152600003, 21.100876804025997], [7.565905253452, 0.7033438037659998, 13.843250464881999], [13.64090183274, 0.5718679501469994, 29.686240735939002], [6.324686204928, 7.472950789593, 11.554327330098], [9.545310859812, -0.7818926970659998, 17.700149130606], [1.753926431712, 7.268538288854999, 11.565410346098], [14.2805283257, 1.5122251335309995, 25.554636075750004]], "_wrapped_positions": [[7.514403865695998, 7.320518788157, 15.519055390579997], [3.859817712659994, 2.5308817481070016, 13.082446403261002], [3.340128927043996, 5.516443142512001, 5.587481453687004], [14.048067748624002, -1.740984834094001, 25.756980055718003], [3.459772517655999, 4.348637837239999, 10.065707080548004], [7.478676422672003, 6.427826558436999, 13.136124334691008], [3.469896325167999, 7.864211423324001, 5.9206662255359985], [10.40221221857999, 2.539306890504001, 24.399751563955], [3.438472274327999, 1.6870461517409998, 7.9073116267220005], [13.506846522259996, 3.4057189555149994, 25.35386480947901], [0.29323438180400024, 4.313026588462, 4.023193727936002], [11.661790343111987, 0.021447566153999578, 22.182725269774004], [3.2331168760799933, -0.5724796160909997, 9.943811586378999], [1.1274268328959969, 3.905799328426001, 7.933185510803004], [3.303132138123999, 1.8562949413939998, 10.629864264188], [2.2355038807920007, 0.7739855516340006, 5.830044998096998], [12.148522574915999, 3.982045273908003, 23.390424358601997], [6.376961584084002, 7.160717550362, 17.857632205024007], [9.63983068958, 5.372817988264003, 20.872350743749006], [15.234395327059993, 5.1517936558479995, 31.045569620052007], [13.920854522120004, 2.8362265607980017, 22.87976563082702], [5.735229834516003, 2.908457259131998, 15.385358148759002], [5.908650347599996, 4.788178997347, 10.938082536894004], [12.765331801403997, 5.255163849581999, 27.603633724482016], [1.7868520258679959, 5.7764096730870005, 9.29565874982], [11.558044535855997, 0.7315623737849998, 26.27768420771801], [9.187370796967995, 2.6205425524990003, 21.871780362620996], [9.128593890051986, -0.972727928116, 22.408031836399015], [7.254869069448003, 0.5340366363060002, 18.230368451844004], [11.644700613000005, -1.305838882778998, 24.511889042302005], [13.517156087708004, 3.8133445070470016, 29.359710157675988], [1.048665468031999, 0.19235031274900058, 8.121190304762], [13.324896623947982, 1.7982138113410011, 27.586886759726], [15.002275306200017, -1.5114887012940004, 31.87088257953299], [8.096739515227998, 2.1534077572270003, 15.917759319131015], [12.885006351672, -1.2807783976950011, 27.904614751258006], [10.703140074899995, 3.280073450373001, 18.055079001593004], [4.208794955091998, 5.896191937238, 12.272819287461003], [10.067476417907994, 5.557734316416001, 18.557494378645004], [3.5137661577199952, 6.523671007252001, 8.009960562506002], [13.004309386068003, -2.684330397123, 21.808118318491015], [0.584626664076, 2.9710684380719994, 1.6765603532840012], [8.971040200667998, 4.945212885432, 16.446534441984], [5.5819950171439885, 0.22553550341500123, 16.280521297302997], [9.115296717799986, 3.038650734958003, 19.763262969878], [3.9497400335119965, 3.8337371755059997, 7.889632017125], [7.412902633499999, 3.050240626425001, 18.184071719817005], [5.299101160444006, 2.468202914662999, 9.307063955986008], [15.439534007715991, 4.707607871960001, 25.851504062567006], [2.05788833432, 3.38040233416, 5.701876895570997], [6.037086480516, 5.002671841488002, 14.373301228808996], [10.222212778595996, -1.1532949968420005, 20.000250788155014], [9.619304437651996, 0.9254257247290002, 19.352946747309996], [5.396655036500002, -0.18110282544800108, 13.656311552375008], [6.448927304456006, 4.9837835173239995, 16.82315395342], [10.840275871151993, 6.038722428726001, 23.17868135935301], [11.510707221831984, 2.28063601526, 21.10087680402599], [7.565905253452002, 0.7033438037659999, 13.843250464882003], [13.640901832739996, 0.5718679501470005, 29.68624073593899], [6.324686204927996, 7.4729507895930025, 11.554327330098], [9.545310859812004, -0.7818926970660002, 17.700149130606], [1.753926431711997, 7.268538288855, 11.565410346098005], [14.280528325699986, 1.512225133531001, 25.554636075750015]], "species_labels": ["Si", "Si", "Si", "Si", "Si", "Si", "Si", "Si", "Si", "Si", "Si", "Si", "Si", "Si", "Si", "Si", "Si", "Si", "Si", "Si", "Si", "Si", "Si", "Si", "Si", "Si", "Si", "Si", "Si", "Si", "Si", "Si", "Si", "Si", "Si", "Si", "Si", "Si", "Si", "Si", "Si", "Si", "Si", "Si", "Si", "Si", "Si", "Si", "Si", "Si", "Si", "Si", "Si", "Si", "Si", "Si", "Si", "Si", "Si", "Si", "Si", "Si", "Si"], "coded_species": [14, 14, 14, 14, 14, 14, 14, 14, 14, 14, 14, 14, 14, 14, 14, 14, 14, 14, 14, 14, 14, 14, 14, 14, 14, 14, 14, 14, 14, 14, 14, 14, 14, 14, 14, 14, 14, 14, 14, 14, 14, 14, 14, 14, 14, 14, 14, 14, 14, 14, 14, 14, 14, 14, 14, 14, 14, 14, 14, 14, 14, 14, 14], "nat": 63, "prev_positions": [[7.514403865695999, 7.320518788157001, 15.51905539058], [3.85981771266, 2.530881748107, 13.082446403261], [3.3401289270439998, 5.516443142512, 5.5874814536869994], [14.048067748624, -1.7409848340940002, 25.756980055718], [3.459772517656, 4.34863783724, 10.065707080547998], [7.478676422672, 6.427826558436999, 13.136124334690999], [3.469896325168, 7.864211423324, 5.9206662255359985], [10.40221221858, 2.5393068905039993, 24.399751563955], [3.438472274328, 1.6870461517409998, 7.907311626721999], [13.50684652226, 3.4057189555149994, 25.353864809479003], [0.293234381804, 4.313026588461999, 4.023193727936], [11.661790343112, 0.021447566153999897, 22.182725269773997], [3.2331168760799995, -0.572479616091, 9.943811586378999], [1.1274268328959998, 3.905799328426, 7.933185510803], [3.3031321381239995, 1.856294941394, 10.629864264187999], [2.235503880792, 0.773985551634, 5.830044998097], [12.148522574915999, 3.9820452739080006, 23.390424358601997], [6.376961584084, 7.1607175503619995, 17.857632205024], [9.63983068958, 5.372817988264, 20.872350743749], [15.23439532706, 5.1517936558479995, 31.045569620052], [13.92085452212, 2.836226560798, 22.879765630827002], [5.735229834516, 2.9084572591319993, 15.385358148759], [5.908650347599999, 4.788178997347, 10.938082536894], [12.765331801403999, 5.255163849581999, 27.603633724482002], [1.786852025868, 5.776409673087, 9.29565874982], [11.558044535856, 0.7315623737850001, 26.277684207718], [9.187370796967999, 2.620542552499, 21.871780362621], [9.128593890052, -0.9727279281160002, 22.408031836399], [7.2548690694480005, 0.5340366363059998, 18.230368451844], [11.644700613, -1.305838882779, 24.511889042302002], [13.517156087707999, 3.8133445070470002, 29.359710157676], [1.048665468032, 0.19235031274899997, 8.121190304762], [13.324896623948, 1.7982138113410002, 27.586886759726], [15.0022753062, -1.511488701294, 31.870882579532996], [8.096739515228, 2.153407757227, 15.917759319131001], [12.885006351671999, -1.2807783976949998, 27.904614751257995], [10.703140074899999, 3.280073450373, 18.055079001592997], [4.208794955091999, 5.896191937238, 12.272819287461], [10.067476417907999, 5.557734316416001, 18.557494378645], [3.5137661577199997, 6.523671007252, 8.009960562506], [13.004309386068, -2.684330397123, 21.808118318490997], [0.5846266640760001, 2.971068438072, 1.676560353284], [8.971040200668, 4.945212885432, 16.446534441984], [5.581995017143999, 0.22553550341499995, 16.280521297303], [9.1152967178, 3.0386507349580003, 19.763262969878], [3.9497400335119996, 3.8337371755059997, 7.889632017124999], [7.4129026335, 3.0502406264249995, 18.184071719817], [5.299101160444, 2.468202914663, 9.307063955986], [15.439534007715999, 4.70760787196, 25.851504062567], [2.05788833432, 3.38040233416, 5.701876895570999], [6.037086480516, 5.0026718414880005, 14.373301228808998], [10.222212778595999, -1.1532949968419999, 20.000250788155], [9.619304437652, 0.9254257247289996, 19.35294674731], [5.3966550365, -0.18110282544800005, 13.656311552375], [6.448927304455999, 4.9837835173239995, 16.823153953419997], [10.840275871152, 6.038722428726, 23.178681359353], [11.510707221832, 2.2806360152600003, 21.100876804025997], [7.565905253452, 0.7033438037659998, 13.843250464881999], [13.64090183274, 0.5718679501469994, 29.686240735939002], [6.324686204928, 7.472950789593, 11.554327330098], [9.545310859812, -0.7818926970659998, 17.700149130606], [1.753926431712, 7.268538288854999, 11.565410346098], [14.2805283257, 1.5122251335309995, 25.554636075750004]], "forces": [[0.0, 0.0, 0.0], [0.0, 0.0, 0.0], [0.0, 0.0, 0.0], [0.0, 0.0, 0.0], [0.0, 0.0, 0.0], [0.0, 0.0, 0.0], [0.0, 0.0, 0.0], [0.0, 0.0, 0.0], [0.0, 0.0, 0.0], [0.0, 0.0, 0.0], [0.0, 0.0, 0.0], [0.0, 0.0, 0.0], [0.0, 0.0, 0.0], [0.0, 0.0, 0.0], [0.0, 0.0, 0.0], [0.0, 0.0, 0.0], [0.0, 0.0, 0.0], [0.0, 0.0, 0.0], [0.0, 0.0, 0.0], [0.0, 0.0, 0.0], [0.0, 0.0, 0.0], [0.0, 0.0, 0.0], [0.0, 0.0, 0.0], [0.0, 0.0, 0.0], [0.0, 0.0, 0.0], [0.0, 0.0, 0.0], [0.0, 0.0, 0.0], [0.0, 0.0, 0.0], [0.0, 0.0, 0.0], [0.0, 0.0, 0.0], [0.0, 0.0, 0.0], [0.0, 0.0, 0.0], [0.0, 0.0, 0.0], [0.0, 0.0, 0.0], [0.0, 0.0, 0.0], [0.0, 0.0, 0.0], [0.0, 0.0, 0.0], [0.0, 0.0, 0.0], [0.0, 0.0, 0.0], [0.0, 0.0, 0.0], [0.0, 0.0, 0.0], [0.0, 0.0, 0.0], [0.0, 0.0, 0.0], [0.0, 0.0, 0.0], [0.0, 0.0, 0.0], [0.0, 0.0, 0.0], [0.0, 0.0, 0.0], [0.0, 0.0, 0.0], [0.0, 0.0, 0.0], [0.0, 0.0, 0.0], [0.0, 0.0, 0.0], [0.0, 0.0, 0.0], [0.0, 0.0, 0.0], [0.0, 0.0, 0.0], [0.0, 0.0, 0.0], [0.0, 0.0, 0.0], [0.0, 0.0, 0.0], [0.0, 0.0, 0.0], [0.0, 0.0, 0.0], [0.0, 0.0, 0.0], [0.0, 0.0, 0.0], [0.0, 0.0, 0.0], [0.0, 0.0, 0.0]], "stds": [[0.0, 0.0, 0.0], [0.0, 0.0, 0.0], [0.0, 0.0, 0.0], [0.0, 0.0, 0.0], [0.0, 0.0, 0.0], [0.0, 0.0, 0.0], [0.0, 0.0, 0.0], [0.0, 0.0, 0.0], [0.0, 0.0, 0.0], [0.0, 0.0, 0.0], [0.0, 0.0, 0.0], [0.0, 0.0, 0.0], [0.0, 0.0, 0.0], [0.0, 0.0, 0.0], [0.0, 0.0, 0.0], [0.0, 0.0, 0.0], [0.0, 0.0, 0.0], [0.0, 0.0, 0.0], [0.0, 0.0, 0.0], [0.0, 0.0, 0.0], [0.0, 0.0, 0.0], [0.0, 0.0, 0.0], [0.0, 0.0, 0.0], [0.0, 0.0, 0.0], [0.0, 0.0, 0.0], [0.0, 0.0, 0.0], [0.0, 0.0, 0.0], [0.0, 0.0, 0.0], [0.0, 0.0, 0.0], [0.0, 0.0, 0.0], [0.0, 0.0, 0.0], [0.0, 0.0, 0.0], [0.0, 0.0, 0.0], [0.0, 0.0, 0.0], [0.0, 0.0, 0.0], [0.0, 0.0, 0.0], [0.0, 0.0, 0.0], [0.0, 0.0, 0.0], [0.0, 0.0, 0.0], [0.0, 0.0, 0.0], [0.0, 0.0, 0.0], [0.0, 0.0, 0.0], [0.0, 0.0, 0.0], [0.0, 0.0, 0.0], [0.0, 0.0, 0.0], [0.0, 0.0, 0.0], [0.0, 0.0, 0.0], [0.0, 0.0, 0.0], [0.0, 0.0, 0.0], [0.0, 0.0, 0.0], [0.0, 0.0, 0.0], [0.0, 0.0, 0.0], [0.0, 0.0, 0.0], [0.0, 0.0, 0.0], [0.0, 0.0, 0.0], [0.0, 0.0, 0.0], [0.0, 0.0, 0.0], [0.0, 0.0, 0.0], [0.0, 0.0, 0.0], [0.0, 0.0, 0.0], [0.0, 0.0, 0.0], [0.0, 0.0, 0.0], [0.0, 0.0, 0.0]], "energy": null, "local_energies": null, "local_energy_stds": null, "partial_stresses": null, "partial_stress_stds": null, "stress": null, "stress_stds": null, "potential_energy": null, "mass_dict": null}
{"_cell": [[14.463187, -4.852649, 2.873516], [0.0, 8.903407, 0.042102], [0.0, 0.0, 9.207084]], "_vec1": [14.463187, -4.852649, 2.873516], "_vec2": [0.0, 8.903407, 0.042102], "_vec3": [0.0, 0.0, 9.207084], "_cell_transpose": [[14.463187, 0.0, 0.0], [-4.852649, 8.903407, 0.0], [2.873516, 0.042102, 9.207084]], "_cell_transpose_inverse": [[0.06914105445777614, 0.0, 0.0], [0.03768414369616856, 0.11231655477504286, 0.0], [-0.02175113250397055, -0.0005135992665146592, 0.10861202091780633]], "_cell_dot": [[240.989074716426, -43.084128304511, 26.456703187344], [-43.084128304511, 79.272428786053, 0.387636650568], [26.456703187344, 0.387636650568, 84.770395783056]], "_cell_dot_inverse": [[0.004780485411533168, 0.0026055214314914515, -0.0015038962369753326], [0.0026055214314914515, 0.014035103162648683, -0.0008773585029839441], [-0.0015038962369753324, -0.0008773585029839441, 0.012269946637261848]], "max_cutoff": 8.459895399872556, "_positions": [[5.774948084481999, 5.663288264321, 6.95771347685], [4.5182996188, 0.5203128605559995, 9.526094416268], [2.929388358167, 4.100397391029, 6.869805654304], [1.752967190774, 1.2539107237599998, 4.0569821419959995], [10.672081960373, 2.5875769645009994, 4.230303815008], [14.246268121374, -1.6519596366860005, 8.070515702868], [11.966898776548, -3.2303638036230002, 6.926990973122], [12.395486396919, -0.27405835788900035, 11.328443210076], [8.730644979802, 5.117439020206, 5.71567238582], [13.02453378911, -1.2131462112360007, 5.940210704056001], [5.997305121419999, -1.4943060559640005, 4.325964105060001], [8.254863980249999, 4.241908243448, 3.2498178214199998], [3.424694660169, 2.8521469070370005, 1.2960429859320002], [3.456441355634, 2.820047035019, 4.51371665737], [12.679702484656, 2.3140156859699994, 8.907166604936], [11.909046028548, 0.23527073305299906, 7.066456056642], [8.734506650731, 1.0249388123529992, 3.159786701684], [1.8005800023779999, 7.858242146241999, 5.250419215104], [0.7993803454899999, 2.7776852380980004, 0.393198142856], [9.789249025893, -0.97818587108, 2.206448743938], [10.384626118747999, 4.728299031018, 9.783353818924], [12.307868410073, -2.8250998474290006, 2.461339961824], [4.691091313889, 4.752062079402, 4.627804547854001], [3.716012172723, 6.323486904748, 6.834632162430001], [5.069679696801, 3.265168367626, 7.029436120098], [0.9758890796380001, 5.541493477413, 3.867360133034], [7.220948594367999, 4.627579047347, 8.938195999682002], [13.748604319891, -4.160431930524, 4.176231283478], [6.421033110959, -0.34279126980300023, 1.9066276726480003], [12.686153066057999, 1.0988779450569996, 4.398698920938], [6.344826578656, 1.2293169404919997, 8.011254486872], [10.393029230395, 3.345335812657999, 6.235132282826001], [13.335419993675, -3.162222025077001, 9.398318563084], [9.348353233385, 1.0031852709179994, 6.998557790097999], [1.719629544739, 0.9440214164710001, 1.974401516336], [4.734827991377, 5.186422097464, 0.9926213755900001], [7.667991241350999, -2.2464781287620004, 10.51086881879], [3.8336123462200002, 7.068616047382999, 4.80525858665], [2.8027342296080002, 1.5410672175259998, 6.359370986356], [2.7450550398519997, 4.7442868283449995, 2.857765793462], [8.953334670041, 0.0011329561749997552, 9.337610534044], [7.731484632281, -1.6913479784710002, 5.97474263092], [4.194815978358, 7.2973120795429995, 1.183910318766], [14.145040275561, 2.5221150188859998, 11.431543131594001], [10.917666875633, -2.8381384027200003, 4.61462689681], [10.181447267772, -1.8800801208390006, 6.670241421809999], [8.837701489976, -2.1404165518930007, 8.56740066067], [2.389622219327, 6.661610431391, 8.809166606728], [6.225346190849, 1.0611806943719997, 4.796037741538], [14.28369884933, -4.773240783825, 7.753893963454001], [4.602301808896, 0.3092794056049999, 6.051973958222001], [12.041977180264999, 3.7518458645469988, 2.85839066356], [9.153418398999, 3.424591027665999, 7.9346197282620015], [12.789998748718, 0.09422341435499959, 9.266822788862], [6.166061587335999, 5.145147572063999, 2.952033890204], [1.444496338438, 0.3185941064999999, 8.587328115956], [1.806379740365, 7.104421319657, 1.669406656204], [10.023827455846, 2.138799985892, 10.449111209816], [5.634929971135, 2.3898657663379996, 2.2464690344180003], [0.851520134625, 5.309922424891999, 6.260860389066], [7.454919570467, 2.5571986270269993, 9.735122408992], [13.341494532214998, 2.167527337478999, 6.301428240063999], [14.438049980994, 0.287886766902, 3.161204383884]], "_wrapped_positions": [[5.774948084482001, 5.6632882643209985, 6.9577134768499995], [4.5182996188, 0.520312860555999, 9.526094416268], [2.9293883581670004, 4.100397391029, 6.869805654304], [1.752967190774001, 1.2539107237599993, 4.0569821419959995], [10.672081960373001, 2.587576964500999, 4.230303815008], [14.246268121374007, -1.651959636686002, 8.070515702868], [11.966898776548001, -3.230363803623001, 6.926990973122], [12.395486396919003, -0.27405835788900157, 11.328443210076], [8.730644979802, 5.117439020206, 5.71567238582], [13.024533789110002, -1.2131462112360016, 5.940210704056001], [5.997305121420001, -1.4943060559640011, 4.325964105060001], [8.254863980249999, 4.241908243448, 3.2498178214199998], [3.4246946601690005, 2.8521469070369996, 1.2960429859320002], [3.456441355634, 2.820047035019, 4.513716657369999], [12.679702484656001, 2.3140156859699976, 8.907166604936], [11.909046028548, 0.23527073305299798, 7.066456056642001], [8.734506650731, 1.0249388123529986, 3.159786701684001], [1.8005800023779999, 7.858242146242, 5.250419215104], [0.7993803454899997, 2.7776852380980004, 0.393198142856], [9.789249025893003, -0.9781858710800013, 2.2064487439380005], [10.384626118747999, 4.728299031017999, 9.783353818924], [12.307868410073006, -2.8250998474290006, 2.4613399618240006], [4.691091313889, 4.752062079401999, 4.627804547854001], [3.7160121727230004, 6.323486904748001, 6.834632162430001], [5.069679696801001, 3.2651683676259986, 7.029436120097999], [0.9758890796380004, 5.541493477413, 3.867360133034], [7.220948594368, 4.627579047347, 8.938195999682002], [13.748604319891003, -4.160431930524002, 4.176231283478001], [6.421033110959001, -0.34279126980300056, 1.9066276726480005], [12.686153066058003, 1.0988779450569979, 4.398698920938], [6.344826578656, 1.2293169404919992, 8.011254486872], [10.393029230395, 3.345335812657999, 6.235132282826002], [13.335419993675005, -3.162222025077002, 9.398318563084], [9.348353233385005, 1.0031852709179976, 6.998557790097999], [1.7196295447390004, 0.9440214164709999, 1.974401516336], [4.734827991377002, 5.186422097464, 0.9926213755900003], [7.667991241351002, -2.2464781287620013, 10.51086881879], [3.8336123462200007, 7.068616047382999, 4.80525858665], [2.802734229608001, 1.5410672175259992, 6.359370986356], [2.745055039852, 4.744286828344999, 2.857765793462], [8.953334670041004, 0.0011329561749986962, 9.337610534044], [7.731484632281, -1.691347978471001, 5.97474263092], [4.194815978358, 7.297312079542999, 1.183910318766], [14.145040275561003, 2.522115018885998, 11.431543131594001], [10.917666875633001, -2.8381384027200003, 4.614626896809999], [10.181447267772004, -1.8800801208390014, 6.67024142181], [8.837701489976002, -2.1404165518930016, 8.56740066067], [2.3896222193270003, 6.661610431391001, 8.809166606728], [6.225346190849002, 1.0611806943719995, 4.796037741538], [14.283698849330003, -4.773240783825001, 7.753893963454001], [4.602301808896, 0.30927940560499995, 6.051973958222001], [12.041977180265002, 3.751845864546996, 2.8583906635600003], [9.153418398999003, 3.4245910276659983, 7.9346197282620015], [12.789998748718006, 0.09422341435499852, 9.266822788862], [6.166061587336, 5.1451475720639985, 2.952033890204], [1.444496338438001, 0.31859410649999975, 8.587328115956], [1.806379740365, 7.104421319656999, 1.669406656204], [10.023827455846, 2.138799985891999, 10.449111209816], [5.6349299711350005, 2.3898657663379987, 2.2464690344180007], [0.8515201346249999, 5.309922424891998, 6.260860389066], [7.454919570467002, 2.5571986270269984, 9.735122408992], [13.341494532214998, 2.1675273374789987, 6.301428240063999], [14.438049980994002, 0.28788676690199827, 3.161204383884]], "species_labels": ["Si", "Si", "Si", "Si", "Si", "Si", "Si", "Si", "Si", "Si", "Si", "Si", "Si", "Si", "Si", "Si", "Si", "Si", "Si", "Si", "Si", "Si", "Si", "Si", "Si", "Si", "Si", "Si", "Si", "Si", "Si", "Si", "Si", "Si", "Si", "Si", "Si", "Si", "Si", "Si", "Si", "Si", "Si", "Si", "Si", "Si", "Si", "Si", "Si", "Si", "Si", "Si", "Si", "Si", "Si", "Si", "Si", "Si", "Si", "Si", "Si", "Si", "Si"], "coded_species": [14, 14, 14, 14, 14, 14, 14, 14, 14, 14, 14, 14, 14, 14, 14, 14, 14, 14, 14, 14, 14, 14, 14, 14, 14, 14, 14, 14, 14, 14, 14, 14, 14, 14, 14, 14, 14, 14, 14, 14, 14, 14, 14, 14, 14, 14, 14, 14, 14, 14, 14, 14, 14, 14, 14, 14, 14, 14, 14, 14, 14, 14, 14], "nat": 63, "prev_positions": [[5.774948084481999, 5.663288264321, 6.95771347685], [4.5182996188, 0.5203128605559995, 9.526094416268], [2.929388358167, 4.100397391029, 6.869805654304], [1.752967190774, 1.2539107237599998, 4.0569821419959995], [10.672081960373, 2.5875769645009994, 4.230303815008], [14.246268121374, -1.6519596366860005, 8.070515702868], [11.966898776548, -3.2303638036230002, 6.926990973122], [12.395486396919, -0.27405835788900035, 11.328443210076], [8.730644979802, 5.117439020206, 5.71567238582], [13.02453378911, -1.2131462112360007, 5.940210704056001], [5.997305121419999, -1.4943060559640005, 4.325964105060001], [8.254863980249999, 4.241908243448, 3.2498178214199998], [3.424694660169, 2.8521469070370005, 1.2960429859320002], [3.456441355634, 2.820047035019, 4.51371665737], [12.679702484656, 2.3140156859699994, 8.907166604936], [11.909046028548, 0.23527073305299906, 7.066456056642], [8.734506650731, 1.0249388123529992, 3.159786701684], [1.8005800023779999, 7.858242146241999, 5.250419215104], [0.7993803454899999, 2.7776852380980004, 0.393198142856], [9.789249025893, -0.97818587108, 2.206448743938], [10.384626118747999, 4.728299031018, 9.783353818924], [12.307868410073, -2.8250998474290006, 2.461339961824], [4.691091313889, 4.752062079402, 4.627804547854001], [3.716012172723, 6.323486904748, 6.834632162430001], [5.069679696801, 3.265168367626, 7.029436120098], [0.9758890796380001, 5.541493477413, 3.867360133034], [7.220948594367999, 4.627579047347, 8.938195999682002], [13.748604319891, -4.160431930524, 4.176231283478], [6.421033110959, -0.34279126980300023, 1.9066276726480003], [12.686153066057999, 1.0988779450569996, 4.398698920938], [6.344826578656, 1.2293169404919997, 8.011254486872], [10.393029230395, 3.345335812657999, 6.235132282826001], [13.335419993675, -3.162222025077001, 9.398318563084], [9.348353233385, 1.0031852709179994, 6.998557790097999], [1.719629544739, 0.9440214164710001, 1.974401516336], [4.734827991377, 5.186422097464, 0.9926213755900001], [7.667991241350999, -2.2464781287620004, 10.51086881879], [3.8336123462200002, 7.068616047382999, 4.80525858665], [2.8027342296080002, 1.5410672175259998, 6.359370986356], [2.7450550398519997, 4.7442868283449995, 2.857765793462], [8.953334670041, 0.0011329561749997552, 9.337610534044], [7.731484632281, -1.6913479784710002, 5.97474263092], [4.194815978358, 7.2973120795429995, 1.183910318766], [14.145040275561, 2.5221150188859998, 11.431543131594001], [10.917666875633, -2.8381384027200003, 4.61462689681], [10.181447267772, -1.8800801208390006, 6.670241421809999], [8.837701489976, -2.1404165518930007, 8.56740066067], [2.389622219327, 6.661610431391, 8.809166606728], [6.225346190849, 1.0611806943719997, 4.796037741538], [14.28369884933, -4.773240783825, 7.753893963454001], [4.602301808896, 0.3092794056049999, 6.051973958222001], [12.041977180264999, 3.7518458645469988, 2.85839066356], [9.153418398999, 3.424591027665999, 7.9346197282620015], [12.789998748718, 0.09422341435499959, 9.266822788862], [6.166061587335999, 5.145147572063999, 2.952033890204], [1.444496338438, 0.3185941064999999, 8.587328115956], [1.806379740365, 7.104421319657, 1.669406656204], [10.023827455846, 2.138799985892, 10.449111209816], [5.634929971135, 2.3898657663379996, 2.2464690344180003], [0.851520134625, 5.309922424891999, 6.260860389066], [7.454919570467, 2.5571986270269993, 9.735122408992], [13.341494532214998, 2.167527337478999, 6.301428240063999], [14.438049980994, 0.287886766902, 3.161204383884]], "forces": [[0.0, 0.0, 0.0], [0.0, 0.0, 0.0], [0.0, 0.0, 0.0], [0.0, 0.0, 0.0], [0.0, 0.0, 0.0], [0.0, 0.0, 0.0], [0.0, 0.0, 0.0], [0.0, 0.0, 0.0], [0.0, 0.0, 0.0], [0.0, 0.0, 0.0], [0.0, 0.0, 0.0], [0.0, 0.0, 0.0], [0.0, 0.0, 0.0], [0.0, 0.0, 0.0], [0.0, 0.0, 0.0], [0.0, 0.0, 0.0], [0.0, 0.0, 0.0], [0.0, 0.0, 0.0], [0.0, 0.0, 0.0], [0.0, 0.0, 0.0], [0.0, 0.0, 0.0], [0.0, 0.0, 0.0], [0.0, 0.0, 0.0], [0.0, 0.0, 0.0], [0.0, 0.0, 0.0], [0.0, 0.0, 0.0], [0.0, 0.0, 0.0], [0.0, 0.0, 0.0], [0.0, 0.0, 0.0], [0.0, 0.0, 0.0], [0.0, 0.0, 0.0], [0.0, 0.0, 0.0], [0.0, 0.0, 0.0], [0.0, 0.0, 0.0], [0.0, 0.0, 0.0], [0.0, 0.0, 0.0], [0.0, 0.0, 0.0], [0.0, 0.0, 0.0], [0.0, 0.0, 0.0], [0.0, 0.0, 0.0], [0.0, 0.0, 0.0], [0.0, 0.0, 0.0], [0.0, 0.0, 0.0], [0.0, 0.0, 0.0], [0.0, 0.0, 0.0], [0.0, 0.0, 0.0], [0.0, 0.0, 0.0], [0.0, 0.0, 0.0], [0.0, 0.0, 0.0], [0.0, 0.0, 0.0], [0.0, 0.0, 0.0], [0.0, 0.0, 0.0], [0.0, 0.0, 0.0], [0.0, 0.0, 0.0], [0.0, 0.0, 0.0], [0.0, 0.0, 0.0], [0.0, 0.0, 0.0], [0.0, 0.0, 0.0], [0.0, 0.0, 0.0], [0.0, 0.0, 0.0], [0.0, 0.0, 0.0], [0.0, 0.0, 0.0], [0.0, 0.0, 0.0]], "stds": [[0.0, 0.0, 0.0], [0.0, 0.0, 0.0], [0.0, 0.0, 0.0], [0.0, 0.0, 0.0], [0.0, 0.0, 0.0], [0.0, 0.0, 0.0], [0.0, 0.0, 0.0], [0.0, 0.0, 0.0], [0.0, 0.0, 0.0], [0.0, 0.0, 0.0], [0.0, 0.0, 0.0], [0.0, 0.0, 0.0], [0.0, 0.0, 0.0], [0.0, 0.0, 0.0], [0.0, 0.0, 0.0], [0.0, 0.0, 0.0], [0.0, 0.0, 0.0], [0.0, 0.0, 0.0], [0.0, 0.0, 0.0], [0.0, 0.0, 0.0], [0.0, 0.0, 0.0], [0.0, 0.0, 0.0], [0.0, 0.0, 0.0], [0.0, 0.0, 0.0], [0.0, 0.0, 0.0], [0.0, 0.0, 0.0], [0.0, 0.0, 0.0], [0.0, 0.0, 0.0], [0.0, 0.0, 0.0], [0.0, 0.0, 0.0], [0.0, 0.0, 0.0], [0.0, 0.0, 0.0], [0.0, 0.0, 0.0], [0.0, 0.0, 0.0], [0.0, 0.0, 0.0], [0.0, 0.0, 0.0], [0.0, 0.0, 0.0], [0.0, 0.0, 0.0], [0.0, 0.0, 0.0], [0.0, 0.0, 0.0], [0.0, 0.0, 0.0], [0.0, 0.0, 0.0], [0.0, 0.0, 0.0], [0.0, 0.0, 0.0], [0.0, 0.0, 0.0], [0.0, 0.0, 0.0], [0.0, 0.0, 0.0], [0.0, 0.0, 0.0], [0.0, 0.0, 0.0], [0.0, 0.0, 0.0], [0.0, 0.0, 0.0], [0.0, 0.0, 0.0], [0.0, 0.0, 0.0], [0.0, 0.0, 0.0], [0.0, 0.0, 0.0], [0.0, 0.0, 0.0], [0.0, 0.0, 0.0], [0.0, 0.0, 0.0], [0.0, 0.0, 0.0], [0.0, 0.0, 0.0], [0.0, 0.0, 0.0], [0.0, 0.0, 0.0], [0.0, 0.0, 0.0]], "energy": null, "local_energies": null, "local_energy_stds": null, "partial_stresses": null, "partial_stress_stds": null, "stress": null, "stress_stds": null, "potential_energy": null, "mass_dict": null}
